64 0.000010 32
128 0.000010 32
256 0.000010 32
512 0.000010 32
1024 0.000010 32
64 0.000010 64
128 0.000010 64
256 0.000010 64
512 0.000010 64
1024 0.000010 64
64 0.000010 128
128 0.000010 128
256 0.000010 128
512 0.000010 128
1024 0.000010 128
64 0.000050 32
128 0.000050 32
256 0.000050 32
512 0.000050 32
1024 0.000050 32
64 0.000050 64
128 0.000050 64
256 0.000050 64
512 0.000050 64
1024 0.000050 64
64 0.000050 128
128 0.000050 128
256 0.000050 128
512 0.000050 128
1024 0.000050 128
64 0.000100 32
128 0.000100 32
256 0.000100 32
512 0.000100 32
1024 0.000100 32
64 0.000100 64
128 0.000100 64
256 0.000100 64
512 0.000100 64
1024 0.000100 64
64 0.000100 128
128 0.000100 128
256 0.000100 128
512 0.000100 128
1024 0.000100 128
64 0.000500 32
128 0.000500 32
256 0.000500 32
512 0.000500 32
1024 0.000500 32
64 0.000500 64
128 0.000500 64
256 0.000500 64
512 0.000500 64
1024 0.000500 64
64 0.000500 128
128 0.000500 128
256 0.000500 128
512 0.000500 128
1024 0.000500 128
64 0.001000 32
128 0.001000 32
256 0.001000 32
512 0.001000 32
1024 0.001000 32
64 0.001000 64
128 0.001000 64
256 0.001000 64
512 0.001000 64
1024 0.001000 64
64 0.001000 128
128 0.001000 128
256 0.001000 128
512 0.001000 128
1024 0.001000 128
64 0.005000 32
128 0.005000 32
256 0.005000 32
512 0.005000 32
1024 0.005000 32
64 0.005000 64
128 0.005000 64
256 0.005000 64
512 0.005000 64
1024 0.005000 64
64 0.005000 128
128 0.005000 128
256 0.005000 128
512 0.005000 128
1024 0.005000 128
64 0.010000 32
128 0.010000 32
256 0.010000 32
512 0.010000 32
1024 0.010000 32
64 0.010000 64
128 0.010000 64
256 0.010000 64
512 0.010000 64
1024 0.010000 64
64 0.010000 128
128 0.010000 128
256 0.010000 128
512 0.010000 128
1024 0.010000 128
